4 0.583000 0.660000 0.526000 0.306667
4 0.279000 0.577333 0.386000 0.210667
4 0.777000 0.520000 0.226000 0.138667
4 0.933000 0.537333 0.134000 0.146667
4 0.110000 0.469333 0.088000 0.058667
4 0.032000 0.454667 0.060000 0.045333
4 0.099000 0.433333 0.042000 0.013333
4 0.218000 0.474667 0.144000 0.058667
4 0.690000 0.469333 0.060000 0.069333
4 0.908000 0.472000 0.092000 0.053333
4 0.879000 0.440000 0.078000 0.037333
4 0.801000 0.441333 0.062000 0.040000
4 0.618000 0.476000 0.092000 0.072000
4 0.533000 0.473333 0.090000 0.066667
4 0.462000 0.472000 0.064000 0.053333
4 0.403000 0.454667 0.058000 0.034667
4 0.549000 0.426667 0.030000 0.021333
4 0.208000 0.429333 0.036000 0.026667
4 0.329000 0.426667 0.038000 0.032000
4 0.464000 0.428000 0.048000 0.029333
4 0.421000 0.433333 0.026000 0.024000
4 0.102000 0.417333 0.044000 0.018667
