4 0.479492 0.511068 0.816406 0.904948
4 0.073242 0.047526 0.097656 0.069010
4 0.195801 0.048828 0.125977 0.071615
4 0.022461 0.049479 0.042969 0.085938
4 0.436523 0.034505 0.066406 0.035156
4 0.609863 0.046224 0.102539 0.040365
4 0.712891 0.082031 0.093750 0.109375
4 0.678223 0.025391 0.032227 0.032552
4 0.715820 0.027995 0.054688 0.029948
4 0.516602 0.016927 0.023438 0.026042
4 0.548828 0.020833 0.029297 0.026042
4 0.579590 0.016927 0.030273 0.023438
4 0.633789 0.020182 0.037109 0.016927
4 0.370117 0.009115 0.033203 0.013021
